case_name = mach1.500_mp1.000_ll4.000_rbhl8.0
rbhl = 0.30769230769230771
tmax = 16.799430779428995
vinf = 1.5
rsoft = 0.076923076923076927
dx_target = 0.038461538461538464
dx_actual = 0.038450419376222088
dy_actual = 0.038449401431791715
nx = 1550
ny = 1136
ncell = 1760800
xmin = -5
xmax = 54.598150033144236
ymin = -21.839260013257693
ymax = 21.839260013257693
log_lambda_max = 4.0
cells_per_rbhl_target = 8.0
